Date,Total Cases,New Cases,Moderate,Severe,Deceased,Total Recovered,New Recovered,Tested Today,Total Tested,Percent Positive,GF Normalized to Tests,Baseline
21/02/2020,2,2,,,,,,15,472,,,
22/02/2020,6,4,,,,,,13,485,,,
23/02/2020,11,5,,,,,,75,560,,,
24/02/2020,16,5,,,,,,58,618,,,
25/02/2020,18,2,,,,,,104,722,1.92,,
26/02/2020,18,0,,,,,,123,845,0.00,,
27/02/2020,19,1,,,,,,134,979,0.75,,
28/02/2020,22,3,,,,,,115,1094,2.61,,
29/02/2020,22,0,,,,,,158,1252,0.00,,
01/03/2020,23,1,,,,,,160,1412,0.63,,
02/03/2020,28,5,,,,,,173,1585,2.89,,
03/03/2020,31,3,,,,,,223,1808,1.35,,
04/03/2020,31,0,,,,,,123,1931,0.00,,
05/03/2020,33,2,,,,,,177,2108,1.13,,
06/03/2020,37,4,,,,,,302,2410,1.32,,
07/03/2020,41,4,,,,,,387,2797,1.03,,
08/03/2020,50,9,0,0,0,,,475,3272,1.89,,
09/03/2020,54,4,1,1,0,,,588,3860,0.68,,
10/03/2020,87,33,4,1,0,,,518,4378,6.37,,
11/03/2020,107,20,5,1,0,,,511,4889,3.91,1,1
12/03/2020,127,20,5,2,0,,,722,5611,2.77,1,1
13/03/2020,162,35,8,3,0,,,785,6396,4.46,2,1
14/03/2020,191,29,11,2,0,,,645,7041,4.50,1,1
15/03/2020,229,38,12,2,0,3,3,1142,8183,3.33,1,1
16/03/2020,301,72,9,4,0,6,3,1278,9461,5.63,2,1
17/03/2020,394,93,10,5,0,19,13,2135,11596,4.36,1,1
18/03/2020,512,118,12,6,0,22,3,2656,14252,4.44,1,1
19/03/2020,648,136,13,6,0,33,11,2503,16755,5.43,1,1
20/03/2020,817,169,18,10,0,38,5,2643,19398,6.39,1,1
21/03/2020,1023,206,19,15,1,40,2,1974,21372,10.44,2,1
22/03/2020,1272,249,30,24,1,45,5,3359,24731,7.41,1,1
23/03/2020,1620,348,38,29,1,65,20,3865,28596,9.00,1,1
24/03/2020,2042,422,45,37,3,79,14,5067,33663,8.33,1,1
25/03/2020,2465,423,64,39,5,89,10,5240,38903,8.07,1,1
26/03/2020,2993,528,65,46,8,101,12,5555,44458,9.50,1,1
27/03/2020,3427,434,63,49,12,112,11,5014,49472,8.66,1,1
28/03/2020,3907,480,81,69,12,131,19,4961,54433,9.68,1,1
29/03/2020,4439,532,82,74,15,172,41,6489,60922,8.20,1,1
30/03/2020,4985,546,90,79,16,219,47,5681,66603,9.61,1,1
31/03/2020,5714,729,105,94,20,293,74,7851,74454,9.29,1,1
01/04/2020,6409,695,129,95,21,330,37,8213,82667,8.46,1,1
02/04/2020,7128,719,126,108,29,431,101,9082,91749,7.92,1,1
03/04/2020,7727,599,144,113,36,508,77,9903,101652,6.05,1,1
04/04/2020,8156,429,165,126,42,571,63,6647,108299,6.45,1,1
05/04/2020,8735,579,182,139,46,676,105,9279,117578,6.24,1,1
06/04/2020,9187,452,197,140,51,773,97,7250,124828,6.23,1,1
07/04/2020,9566,379,189,149,59,854,81,6592,131420,5.75,1,1
08/04/2020,9904,338,199,147,71,905,51,5573,136993,6.06,1,1
09/04/2020,10249,345,171,166,79,976,71,5532,142525,6.24,1,1
10/04/2020,10611,362,171,164,92,1148,172,6750,149275,5.36,1,1
11/04/2020,10957,346,154,180,96,1268,120,6298,155573,5.49,1,1
12/04/2020,11515,558,155,174,103,1571,303,9543,165116,5.85,1,1
13/04/2020,11959,444,168,181,110,1813,242,10422,175538,4.26,1,1
14/04/2020,12366,407,177,181,117,2149,336,12664,188202,3.21,1,1
15/04/2020,12679,313,173,176,126,2426,277,9449,197651,3.31,1,1
16/04/2020,12981,302,158,174,140,2744,318,12782,210433,2.36,1,1
17/04/2020,13283,302,162,182,148,3059,315,10781,221214,2.80,1,1
18/04/2020,13594,311,145,167,158,3434,375,10613,231827,2.93,1,1
19/04/2020,13884,290,142,146,172,3732,298,11286,242081,2.57,1,1
20/04/2020,14142,258,129,149,180,4222,490,15139,255423,1.70,1,1
21/04/2020,14430,288,135,139,185,4624,402,13489,266845,2.14,1,1
22/04/2020,14657,227,124,141,189,5057,433,13490,278747,1.68,1,1
23/04/2020,14935,278,112,139,192,5482,425,14162,292608,1.96,1,1
24/04/2020,15189,254,101,137,196,6023,541,12613,304407,2.01,1,1
25/04/2020,15349,160,98,127,199,6435,412,9080,325107,1.76,1,1
26/04/2020,15437,88,82,133,201,6731,296,8467,333500,1.04,1,1
27/04/2020,15552,115,88,117,205,7375,469,11019,344381,1.04,1,1
28/04/2020,15719,167,83,116,210,7746,371,10640,354857,1.57,2,1
29/04/2020,15802,83,80,115,216,7929,255,9004,365961,0.92,1,1
30/04/2020,15946,144,79,105,222,8412,483,9924,373882,1.45,2,1
01/05/2020,16041,95,82,103,226,8758,346,11050,385922,0.86,1,1
02/05/2020,16095,54,67,105,229,9400,642,5569,391491,0.97,1,1
03/05/2020,16115,20,65,94,232,9634,234,8028,399519,0.25,0,1
04/05/2020,16174,59,64,90,235,9787,153,9261,408780,0.64,3,1
05/05/2020,16207,33,59,87,238,10181,394,8953,417733,0.37,1,1
06/05/2020,16272,65,60,85,239,10673,492,9456,427189,0.69,2,1
07/05/2020,16333,61,62,81,240,10905,232,10116,437305,0.60,1,1
08/05/2020,16366,33,57,77,246,11143,238,8169,445474,0.40,1,1
09/05/2020,16384,18,50,79,248,11376,233,3884,449358,0.46,1,1
10/05/2020,16413,29,47,74,253,11430,54,4943,454301,0.59,1,1
11/05/2020,16455,42,51,65,258,11794,364,9147,463448,0.46,1,1
12/05/2020,16478,23,53,66,261,12101,307,7527,470975,0.31,1,1
13/05/2020,16515,37,50,60,264,12224,123,8148,479123,0.45,1,1
14/05/2020,16538,23,42,60,266,12577,353,8303,487426,0.28,1,1
15/05/2020,16526,12,41,60,266,12674,97,5678,493104,0.21,1,1
16/05/2020,16531,5,41,59,269,12852,178,1521,494625,0.33,1,1
17/05/2020,16546,15,37,55,273,12942,90,4344,498969,0.35,1,1
18/05/2020,16573,27,39,57,276,13253,311,7675,506644,0.35,1,1
19/05/2020,16595,22,42,55,278,13435,182,7117,513761,0.31,1,1
20/05/2020,16610,15,36,52,279,13574,139,5968,519729,0.25,1,1
21/05/2020,16627,17,30,51,279,13724,150,6023,525752,0.28,1,1
22/05/2020,16648,21,30,46,279,14075,351,4999,530751,0.42,1,1
23/05/2020,16653,5,30,47,279,14090,15,704,531455,0.71,2,1
24/05/2020,16667,14,32,47,280,14153,63,3806,535261,0.37,1,1
25/05/2020,16690,23,31,47,281,14307,154,5244,540505,0.44,1,1
26/05/2020,16740,50,36,43,281,14457,150,6791,547296,0.74,2,1
27/05/2020,16780,40,34,41,283,14570,113,6633,553929,0.60,1,1
28/05/2020,16856,76,35,36,284,14679,109,5325,559254,1.43,2,1
29/05/2020,16969,113,35,39,284,14776,97,1825,561079,6.19,4,1
30/05/2020,16997,28,42,36,284,14792,16,1014,562093,2.76,0,1
31/05/2020,17085,88,44,33,285,14811,19,5423,567516,1.62,1,1
01/06/2020,17186,101,41,32,288,14878,67,5636,573152,1.79,1,1
02/06/2020,17307,121,42,28,290,14940,62,6664,579816,1.82,1,1
03/06/2020,17404,97,41,27,291,14983,43,12929,597687,0.75,1,1
04/06/2020,17543,139,33,30,291,15013,30,9258,606945,1.50,1,1
05/06/2020,17667,124,36,29,292,15042,29,16160,623105,0.77,1,1
06/06/2020,17750,83,39,29,295,15050,8,7648,630753,1.09,1,1
07/06/2020,17890,140,39,27,298,15091,41,15024,637863,0.93,1,1
08/06/2020,18067,177,44,29,298,15127,36,14343,662916,1.23,1,1
09/06/2020,18240,173,41,31,299,15159,32,14817,677733,1.17,1,1
10/06/2020,18482,242,42,31,299,15187,28,17212,694945,1.41,1,1
11/06/2020,18677,195,39,34,300,15250,63,15482,710427,1.26,1,1
12/06/2020,18834,183,41,34,300,15310,60,12578,723005,1.45,1,1
13/06/2020,18983,149,45,35,300,15357,47,6937,729942,2.15,1,1
14/06/2020,19123,140,46,33,300,15375,18,8840,738782,1.58,1,1
15/06/2020,19322,199,45,35,302,15415,40,9000,747782,2.21,1,1
16/06/2020,19616,294,45,35,302,15455,40,15970,763752,1.84,1,1
17/06/2020,19883,267,46,36,303,15487,32,12000,775752,2.23,1,1
18/06/2020,20187,304,46,38,303,15527,40,17263,793015,1.76,1,1
19/06/2020,20494,307,47,39,304,15586,59,12765,805780,2.41,1,1
20/06/2020,20653,159,49,40,305,15659,73,11111,816891,1.43,1,1

